%YAML:1.0
---
object_points: [ -2.76975298e+00, 1.69579865e+02, 9.29092407e+01,
    3.13989849e+01, 2.21311020e+02, 4.31560516e+01, 3.95105476e+01,
    2.42332458e+02, 2.18245888e+01, 4.13225632e+01, 2.54133224e+02,
    1.05015116e+01, -6.52618170e+00, 2.14325851e+02, 4.76783276e+00,
    -1.12316113e+01, 2.35766983e+02, -2.79278908e+01, -1.37885847e+01,
    2.52714951e+02, -4.21998672e+01, -1.50361137e+01, 2.63815735e+02,
    -4.69364281e+01, -2.65260067e+01, 2.09638885e+02, 9.47052574e+00,
    -3.82063751e+01, 2.31234726e+02, -2.71669636e+01, -4.35299339e+01,
    2.49667068e+02, -4.48726273e+01, -4.51680183e+01, 2.61372253e+02,
    -5.10281067e+01, -4.38519058e+01, 2.05268356e+02, 2.09734936e+01,
    -6.05010033e+01, 2.24875183e+02, -1.07781210e+01, -6.86440277e+01,
    2.42805115e+02, -2.69143887e+01, -7.13759918e+01, 2.54359009e+02,
    -3.27308426e+01, -5.84169464e+01, 2.02881851e+02, 3.50445023e+01,
    -7.98130493e+01, 2.16161331e+02, 1.50602064e+01, -8.96350403e+01,
    2.27917542e+02, 5.83100128e+00, -9.41199417e+01, 2.38247314e+02,
    1.50228882e+00, -2.27171440e+01, 1.76673477e+02, 1.02334435e+02,
    7.48096132e+00, 2.35472672e+02, 5.82872238e+01, 1.06185532e+01,
    2.59434540e+02, 3.85493698e+01, 8.41959190e+00, 2.72406891e+02,
    2.85185566e+01, -2.69689770e+01, 2.34621826e+02, 2.11283817e+01,
    -3.38751755e+01, 2.61608459e+02, -7.44204283e+00, -3.79699821e+01,
    2.81057404e+02, -1.82493172e+01, -4.00808105e+01, 2.92993469e+02,
    -2.03363247e+01, -4.69671021e+01, 2.28713120e+02, 2.48361168e+01,
    -5.99988060e+01, 2.56663269e+02, -7.25906086e+00, -6.66113892e+01,
    2.78498016e+02, -2.04320984e+01, -6.90234528e+01, 2.91427673e+02,
    -2.32173290e+01, -6.44463043e+01, 2.22194489e+02, 3.54841042e+01,
    -8.24822311e+01, 2.46113907e+02, 7.42995787e+00, -9.18173523e+01,
    2.66745422e+02, -4.38507843e+00, -9.51670761e+01, 2.79320374e+02,
    -6.92900181e+00, -7.90906982e+01, 2.17422211e+02, 4.89717331e+01,
    -1.00786018e+02, 2.31929947e+02, 3.02289009e+01, -1.10604675e+02,
    2.44825165e+02, 2.28183308e+01, -1.14911537e+02, 2.55836823e+02,
    2.04435921e+01, -1.57424316e+01, 1.93007355e+02, 5.23720169e+01,
    2.17426376e+01, 2.38210449e+02, -1.07852805e+00, 2.85953693e+01,
    2.57829895e+02, -2.43122158e+01, 2.76856594e+01, 2.69345337e+02,
    -3.61132393e+01, -1.71953659e+01, 2.35977493e+02, -3.71190720e+01,
    -2.07396355e+01, 2.59348419e+02, -6.84834976e+01, -2.22290039e+01,
    2.78174286e+02, -8.00068741e+01, -2.26112480e+01, 2.90091461e+02,
    -8.14690857e+01, -3.75764809e+01, 2.33535553e+02, -3.21099281e+01,
    -4.80766029e+01, 2.54581650e+02, -6.96648636e+01, -5.25644875e+01,
    2.72820770e+02, -8.79382782e+01, -5.36475105e+01, 2.84614563e+02,
    -9.41248474e+01, -5.51383858e+01, 2.31294159e+02, -2.00499134e+01,
    -7.14094849e+01, 2.48939270e+02, -5.32340851e+01, -7.93205948e+01,
    2.65901947e+02, -7.05108032e+01, -8.18010101e+01, 2.77290344e+02,
    -7.67547684e+01, -6.94373550e+01, 2.30896378e+02, -5.54914284e+00,
    -8.90700531e+01, 2.42939606e+02, -2.77792091e+01, -9.74808731e+01,
    2.54309402e+02, -3.84299774e+01, -1.00580635e+02, 2.64737213e+02,
    -4.34924431e+01, 9.55314732e+00, 1.66227325e+02, 7.97128754e+01,
    4.26212692e+01, 2.11624344e+02, 2.28709946e+01, 4.56565437e+01,
    2.30542908e+02, -1.48713791e+00, 4.23091393e+01, 2.41117355e+02,
    -1.36094160e+01, 1.30944166e+01, 1.88843735e+02, -1.63848553e+01,
    7.81331062e+00, 2.14229263e+02, -4.52832489e+01, 5.20997095e+00,
    2.35868912e+02, -4.68614159e+01, 4.56940889e+00, 2.45967896e+02,
    -4.06331787e+01, -7.00576258e+00, 1.83898361e+02, -1.28219681e+01,
    -1.25628328e+01, 2.14714752e+02, -4.33573303e+01, -1.16624479e+01,
    2.40462296e+02, -4.31320457e+01, -9.66925049e+00, 2.50943466e+02,
    -3.54879265e+01, -2.54288902e+01, 1.81732391e+02, -2.31486535e+00,
    -3.58094101e+01, 2.08763504e+02, -3.08300018e+01, -3.59278374e+01,
    2.33864670e+02, -3.28638039e+01, -3.32058029e+01, 2.45033768e+02,
    -2.66448364e+01, -4.11481667e+01, 1.82758987e+02, 1.04111967e+01,
    -5.25050621e+01, 2.02819153e+02, -1.17288656e+01, -5.16785431e+01,
    2.20388931e+02, -1.38501778e+01, -4.75683022e+01, 2.30689377e+02,
    -9.28045464e+00, -6.39260788e+01, 1.81769073e+02, 1.10732414e+02,
    -3.96169472e+01, 2.22063568e+02, 4.92528229e+01, -3.62907677e+01,
    2.36095245e+02, 2.25270996e+01, -3.80227623e+01, 2.43925232e+02,
    8.63160038e+00, -8.12014542e+01, 2.10545532e+02, 1.89420204e+01,
    -8.99100876e+01, 2.18224411e+02, -1.80243759e+01, -9.50199814e+01,
    2.26755432e+02, -3.75277061e+01, -9.78017654e+01, 2.34070465e+02,
    -4.64984283e+01, -1.00034203e+02, 2.05607162e+02, 2.65596924e+01,
    -1.18778625e+02, 2.11847748e+02, -1.22480850e+01, -1.29330765e+02,
    2.20788422e+02, -3.39488411e+01, -1.34006744e+02, 2.28493088e+02,
    -4.34643822e+01, -1.15580856e+02, 2.02102631e+02, 4.04213715e+01,
    -1.39816315e+02, 2.08254944e+02, 8.79292870e+00, -1.53988968e+02,
    2.17800430e+02, -9.54305935e+00, -1.60293304e+02, 2.25820969e+02,
    -1.75980225e+01, -1.28430801e+02, 2.01010513e+02, 5.60499191e+01,
    -1.54168915e+02, 2.01890717e+02, 3.74478264e+01, -1.68017059e+02,
    2.05902557e+02, 2.72607994e+01, -1.76282562e+02, 2.11697510e+02,
    2.09230652e+01, 1.06394699e+02, 2.22418701e+02, 8.03315735e+01,
    1.52993271e+02, 2.71618713e+02, 4.05574341e+01, 1.64087494e+02,
    2.92851807e+02, 2.13972950e+01, 1.65834854e+02, 3.05536682e+02,
    1.14328928e+01, 1.25531105e+02, 2.71912659e+02, -2.39527655e+00,
    1.24997467e+02, 2.95306274e+02, -3.34347343e+01, 1.23756073e+02,
    3.13318909e+02, -4.58668709e+01, 1.22653214e+02, 3.24724884e+02,
    -4.91362762e+01, 1.05279800e+02, 2.67561035e+02, -3.23930025e+00,
    9.95920258e+01, 2.91866638e+02, -3.90446892e+01, 9.69275055e+01,
    3.12135864e+02, -5.47507324e+01, 9.60779114e+01, 3.24509979e+02,
    -5.90585175e+01, 8.57089996e+01, 2.63006195e+02, 3.16496897e+00,
    7.60335159e+01, 2.84759644e+02, -2.95330200e+01, 7.15915146e+01,
    3.04523712e+02, -4.43744316e+01, 7.03957748e+01, 3.16898499e+02,
    -4.82466660e+01, 6.82095871e+01, 2.60275085e+02, 1.27780218e+01,
    5.37828445e+01, 2.75766205e+02, -1.11565704e+01, 4.78779449e+01,
    2.89131348e+02, -2.11767025e+01, 4.59116020e+01, 3.00367798e+02,
    -2.47839088e+01 ]
image_points: [ 102., 86., 56., 10., 33., -21., 19., -43., -16., 17.,
    -50., -5., -74., -21., -99., -35., -24., 38., -73., 17., -103., -1.,
    -134., -13., -27., 62., -68., 53., -99., 39., -128., 24., -18., 89.,
    -58., 87., -86., 81., -114., 73., 94., 98., 56., 17., 25., -17., -3.,
    -46., -19., 25., -57., -9., -85., -34., -110., -52., -31., 47., -84.,
    17., -113., -6., -142., -24., -36., 72., -85., 57., -115., 42.,
    -145., 21., -30., 106., -68., 101., -92., 95., -130., 85., 26., 47.,
    -2., -23., -31., -52., -52., -75., -71., -15., -102., -47., -128.,
    -68., -154., -80., -86., 5., -131., -20., -163., -41., -186., -50.,
    -90., 22., -138., 9., -163., -2., -192., -18., -88., 49., -128., 44.,
    -152., 37., -184., 27., 77., 64., 42., 0., 12., -20., -9., -41.,
    -19., 20., -46., 3., -63., -16., -84., -34., -26., 36., -65., 19.,
    -84., 3., -103., -22., -26., 52., -65., 44., -85., 31., -105., 6.,
    -23., 74., -58., 68., -74., 56., -94., 35., 62., 146., 4., 58., -31.,
    35., -49., 12., -78., 88., -120., 68., -146., 61., -172., 59., -87.,
    118., -138., 102., -177., 90., -205., 87., -89., 145., -129., 143.,
    -165., 136., -203., 129., -77., 180., -113., 189., -149., 191.,
    -182., 195., 155., -55., 131., -126., 109., -155., 99., -177., 63.,
    -124., 37., -152., 19., -170., 2., -182., 50., -110., 15., -134.,
    -4., -154., -26., -173., 51., -89., 14., -107., -7., -122., -31.,
    -146., 53., -66., 18., -80., -1., -91., -22., -107. ]
