<?xml version="1.0"?>
<opencv_storage>
<calibration_time>"Mon Apr 20 13:42:12 2020"</calibration_time>
<nr_of_frames>25</nr_of_frames>
<image_width>640</image_width>
<image_height>480</image_height>
<board_width>9</board_width>
<board_height>6</board_height>
<square_size>25.</square_size>
<fix_aspect_ratio>1.</fix_aspect_ratio>
<!-- flags: +fix_aspectRatio +fix_principal_point +zero_tangent_dist +fix_k4 +fix_k5 -->
<flags>6158</flags>
<fisheye_model>0</fisheye_model>
<camera_matrix type_id="opencv-matrix">
  <rows>3</rows>
  <cols>3</cols>
  <dt>d</dt>
  <data>
    6.2601116553800409e+02 0. 320. 0. 6.2601116553800409e+02 240. 0. 0.
    1.</data></camera_matrix>
<distortion_coefficients type_id="opencv-matrix">
  <rows>5</rows>
  <cols>1</cols>
  <dt>d</dt>
  <data>
    -2.2357192494523123e-01 -3.4491331520987045e-01 0. 0.
    1.5648534709863269e+00</data></distortion_coefficients>
<avg_reprojection_error>6.8522983868521725e-01</avg_reprojection_error>
<per_view_reprojection_errors type_id="opencv-matrix">
  <rows>25</rows>
  <cols>1</cols>
  <dt>f</dt>
  <data>
    4.22564387e-01 4.15617883e-01 4.27545607e-01 4.20883894e-01
    4.27134097e-01 4.26859409e-01 4.33708876e-01 4.61132914e-01
    4.59582478e-01 4.72336024e-01 4.59044069e-01 4.42587405e-01
    4.98511970e-01 5.19464910e-01 5.64557731e-01 6.17210507e-01
    6.89603686e-01 7.09525883e-01 7.59081125e-01 8.48634303e-01
    8.87437403e-01 9.36467886e-01 1.05795944e+00 1.19324958e+00
    1.31145036e+00</data></per_view_reprojection_errors>
<!-- a set of 6-tuples (rotation vector + translation vector) for each view -->
<extrinsic_parameters type_id="opencv-matrix">
  <rows>25</rows>
  <cols>6</cols>
  <dt>d</dt>
  <data>
    -3.1767644398687972e-01 -9.5433027180679947e-02
    -8.5324629593265575e-02 -1.0042947282728858e+02
    -6.0011668381431456e+01 7.4701911414881477e+02
    -3.1412237566375656e-01 -9.4488175746167233e-02
    -8.6728398376297464e-02 -1.0004836650761197e+02
    -6.2168143466972431e+01 7.4645602385729853e+02
    -3.1189329350071826e-01 -9.5746258215233651e-02
    -8.7898458725743742e-02 -1.0065542576658009e+02
    -6.3885064822680548e+01 7.4479531052584719e+02
    -3.1268100890785760e-01 -9.6034736253139658e-02
    -8.8613997866752808e-02 -1.0145495143553649e+02
    -6.2827619595857286e+01 7.4404586564142596e+02
    -3.1044947852805432e-01 -9.5480888856069826e-02
    -8.6233474634071494e-02 -1.0083309972520101e+02
    -6.4077719092388833e+01 7.4251520931448761e+02
    -3.1064475326881319e-01 -9.4624392544787828e-02
    -8.0938538579671496e-02 -9.8894429068949847e+01
    -6.4333717532970070e+01 7.4015964658583437e+02
    -3.0931105715775620e-01 -9.9205074327335149e-02
    -7.7897730365344253e-02 -1.0060500591635517e+02
    -6.4153900357858916e+01 7.3567436928229870e+02
    -3.1536937609495519e-01 -1.0444495467255155e-01
    -7.3530771231635400e-02 -1.0308885055415115e+02
    -5.9810707479486588e+01 7.3091034310228929e+02
    -3.1566261433550741e-01 -1.0337130184419828e-01
    -6.3824740019210083e-02 -1.0015211993969791e+02
    -5.9043027630882150e+01 7.2501994871267834e+02
    -3.0712392822584300e-01 -1.0214662646311572e-01
    -5.5557164939086398e-02 -9.7084578382403890e+01
    -6.1280883074333261e+01 7.1269645120586222e+02
    -2.8677173717922505e-01 -9.2667992293555879e-02
    -5.5369728869218440e-02 -9.1095928630978946e+01
    -6.7391445357652202e+01 6.9505824626042352e+02
    -2.5605089767215761e-01 -7.5580407660217647e-02
    -4.8066684404185794e-02 -7.9292019854477942e+01
    -7.8360821761444868e+01 6.6699900737332871e+02
    -2.5634931327547250e-01 -8.4673568286820086e-02
    -2.3994737752095811e-02 -8.1350888139150271e+01
    -7.4820422928824939e+01 6.3169177473297043e+02
    -2.6188647946219240e-01 -7.2494100443973877e-02
    -7.3538701701673422e-03 -7.3705039151200722e+01
    -6.7012024621231035e+01 6.1302578810624152e+02
    -2.7566214745001677e-01 -6.7467078249647316e-02
    -2.0396426833919341e-03 -7.3656401378518922e+01
    -5.5341868687417637e+01 5.9596254311687323e+02
    -2.8127425950385943e-01 -6.6590802347404138e-02
    -4.5309891996384230e-03 -7.7901495764145835e+01
    -4.8846887271906660e+01 5.6980871427665318e+02
    -2.7683875873259767e-01 -6.4903266766995232e-02
    -6.1664578244784917e-03 -8.0555293640146573e+01
    -4.9048935787384266e+01 5.3492676313465984e+02
    -2.5848038214496005e-01 -5.8610444367095373e-02
    -7.5862759396986730e-03 -7.9260718300571995e+01
    -5.5410870126789654e+01 5.0678895622786331e+02
    -2.4699104880784209e-01 -5.5814038886895623e-02
    -1.2818619776844226e-02 -8.0669062231858149e+01
    -5.7162887100933659e+01 4.7522986475972806e+02
    -2.3983650176790181e-01 -5.9474053809947781e-02
    -7.9838375380180664e-03 -8.0658489482303935e+01
    -5.6595822968401130e+01 4.4279170094670769e+02
    -2.2903361908515951e-01 -5.5327920147410843e-02
    -3.3923109174589542e-03 -7.7319417845128228e+01
    -5.8249697149295471e+01 4.1856932001795980e+02
    -2.1892637557442662e-01 -5.4253202014668565e-02
    4.8164067767175172e-03 -7.3373919580717200e+01
    -6.0167888314541848e+01 3.9273669208285457e+02
    -2.1573101561089064e-01 -5.9546059163143990e-02
    1.7118533685067525e-02 -7.1294922082067615e+01
    -6.0448224442184177e+01 3.6617557687755982e+02
    -2.2080585652417942e-01 -6.6859759673182986e-02
    1.8769235594326288e-02 -7.2601999328671994e+01
    -5.7264317440971254e+01 3.4347211269680480e+02
    -2.2714562995720730e-01 -6.9493885840300473e-02
    2.0196374997612645e-02 -7.1582755411708604e+01
    -5.4383370931688376e+01 3.2548907976716112e+02</data></extrinsic_parameters>
